Bit Count illustration


      1111 1111 1111 1111 1111 1111 1111 1111
      --------- --------- --------- ---------
Step 1
      1111 1111 1111 1111 1111 1111 1111 1111
&     1010 1010 1010 1010 1010 1010 1010 1010 (mask) 0xAAAAAAAA
      ---------------------------------------
      1010 1010 1010 1010 1010 1010 1010 1010
      ---------------------------------------
>>1   0101 0101 0101 0101 0101 0101 0101 0101 ------> 1.1
      
      1111 1111 1111 1111 1111 1111 1111 1111
&     0101 0101 0101 0101 0101 0101 0101 0101 (mask) 0x55555555
      ---------------------------------------
      0101 0101 0101 0101 0101 0101 0101 0101 ------> 1.2
      
1.1   0101 0101 0101 0101 0101 0101 0101 0101
1.2   0101 0101 0101 0101 0101 0101 0101 0101
      ---------------------------------------
+     1010 1010 1010 1010 1010 1010 1010 1010 ------> 1.3

Step 2
      1010 1010 1010 1010 1010 1010 1010 1010
&     1100 1100 1100 1100 1100 1100 1100 1100 (mask) 0xCCCCCCCC
      ---------------------------------------
      1000 1000 1000 1000 1000 1000 1000 1000 
      ---------------------------------------
>>2   0010 0010 0010 0010 0010 0010 0010 0010 ------> 2.1

      1010 1010 1010 1010 1010 1010 1010 1010
&     0011 0011 0011 0011 0011 0011 0011 0011 (mask) 0x33333333
      ---------------------------------------
      0010 0010 0010 0010 0010 0010 0010 0010 ------> 2.2

2.1   0010 0010 0010 0010 0010 0010 0010 0010
2.2   0010 0010 0010 0010 0010 0010 0010 0010
      ---------------------------------------
+     0100 0100 0100 0100 0100 0100 0100 0100 ------> 2.3

Step 3
      0100 0100 0100 0100 0100 0100 0100 0100
&     1111 0000 1111 0000 1111 0000 1111 0000 (mask) 0xF0F0F0F0
      ---------------------------------------
      0100 0000 0100 0000 0100 0000 0100 0000
      ---------------------------------------
>>4   0000 0100 0000 0100 0000 0100 0000 0100 ------> 3.1
      
      
      0100 0100 0100 0100 0100 0100 0100 0100
&     0000 1111 0000 1111 0000 1111 0000 1111 (mask) 0x0F0F0F0F
      ---------------------------------------
      0000 0100 0000 0100 0000 0100 0000 0100 ------> 3.2

3.1   0000 0100 0000 0100 0000 0100 0000 0100
3.2   0000 0100 0000 0100 0000 0100 0000 0100
      ---------------------------------------
+     0000 1000 0000 1000 0000 1000 0000 1000 ------> 3.3

Step 4
      0000 1000 0000 1000 0000 1000 0000 1000
&     1111 1111 0000 0000 1111 1111 0000 0000 (mask) 0xFF00FF00
      ---------------------------------------
      0000 1000 0000 0000 0000 1000 0000 0000 
      ---------------------------------------
>>8   0000 0000 0000 1000 0000 0000 0000 1000 ------> 4.1

      0000 1000 0000 1000 0000 1000 0000 1000
&     0000 0000 1111 1111 0000 0000 1111 1111 (mask) 0x00FF00FF
      ---------------------------------------
      0000 0000 0000 1000 0000 0000 0000 1000 -------> 4.2

4.1   0000 0000 0000 1000 0000 0000 0000 1000
4.2   0000 0000 0000 1000 0000 0000 0000 1000
      ---------------------------------------
      0000 0000 0001 0000 0000 0000 0001 0000 -------> 4.3

Step 5
      0000 0000 0001 0000 0000 0000 0001 0000
&     1111 1111 1111 1111 0000 0000 0000 0000 (mask) 0xFFFF0000
      ---------------------------------------
      0000 0000 0001 0000 0000 0000 0000 0000
      ---------------------------------------
>>16  0000 0000 0000 0000 0000 0000 0001 0000 -------> 5.1

      0000 0000 0001 0000 0000 0000 0001 0000
&     0000 0000 0000 0000 1111 1111 1111 1111 (mask) 0x0000FFFF
      ---------------------------------------
      0000 0000 0000 0000 0000 0000 0001 0000 -------> 5.2

5.1   0000 0000 0000 0000 0000 0000 0001 0000
5.2   0000 0000 0000 0000 0000 0000 0001 0000
      ---------------------------------------
      0000 0000 0000 0000 0000 0000 0010 0000 -------> 5.3 (Answer)
  


  
  
     
